1
2
3
4
5
6
7
1
2
3
4
5
6
7
8
80
142
143
144
145
146
110
142
143
144
145
146
1
2
3
4
5
6
7
142
143
144
145
146
32
42
43
44
45
49
140
141
142
143
144
145
146
89
90
91
146
9
56
114
115
116
80
1
2
3
4
5
6
7
142
143
144
145
146
35
36
37
41
56
83
84
89
90
91
114
115
116
40
97
113
120
121
130
56
1
2
3
4
5
6
7
41
56
80
82
83
84
89
90
91
114
115
116
80
56
80
114
143
144
145
146
3
4
5
15
1
2
15
22
23
80
81
83
84
144
145
146
146
1
2
3
4
5
6
7
8
3
4
5
7
80
144
145
146
89
90
91
1
2
80
42
43
140
80
8
96
146
42
43
44
1
2
3
4
5
6
7
8
56
80
89
90
91
82
56
80
9
139
1
2
3
4
5
6
7
142
143
144
145
146
1
2
3
4
5
6
7
142
143
144
145
146
41
80
89
90
91
77
81
82
42
43
80
56
80
140
141
142
143
144
145
146
1
2
3
4
5
6
7
80
143
144
145
146
140
141
142
143
89
90
91
89
90
91
89
90
91
6
9
111
136
137
80
80
142
143
144
145
146
6
7
146
56
80
89
90
91
139
89
90
91
1
2
3
4
5
6
7
28
32
52
53
89
90
91
94
142
143
144
145
146
41
56
80
89
90
91
114
115
116
142
143
144
145
146
89
90
91
80
66
80
9
38
82
142
143
1
2
3
4
5
6
7
8
9
18
113
41
50
67
1
2
3
4
5
6
7
142
143
144
145
146
1
2
3
4
5
89
90
91
80
142
143
144
145
146
78
1
2
6
7
41
89
90
91
15
21
22
23
56
80
83
84
106
107
119
120
1
2
3
4
5
6
7
8
100
101
80
35
36
37
89
90
91
106
140
141
142
143
145
21
22
23
89
90
91
56
80
1
2
3
4
5
6
7
8
143
144
145
146
50
1
2
3
4
5
6
7
142
143
144
145
146
80
81
1
2
3
4
5
6
7
8
24
112
34
80
95
96
1
2
3
4
5
82
80
80
1
70
71
72
82
31
56
57
82
89
90
91
142
143
144
145
146
80
89
90
91
36
37
1
2
3
4
5
6
7
8
42
43
3
4
5
6
7
95
96
1
2
3
4
5
5
8
143
144
145
146
89
90
91
118
70
71
72
82
102
50
82
80
89
90
91
8
14
63
142
143
89
90
91
89
90
91
82
36
37
1
2
3
4
5
6
7
142
143
144
145
146
1
2
3
4
5
21
140
141
27
93
7
1
2
3
4
5
6
7
8
15
17
18
19
143
80
56
80
139
144
145
146
80
23
139
140
141
142
143
144
145
146
9
70
71
72
42
43
89
90
91
42
43
146
1
2
3
4
5
6
7
8
15
56
80
89
90
91
142
143
144
145
146
1
2
3
4
5
6
7
1
2
3
4
5
6
7
142
143
144
145
146
28
142
143
144
145
146
1
2
3
4
5
6
7
142
143
144
145
146
89
90
91
82
89
90
91
3
4
5
6
15
1
2
3
4
5
6
7
8
143
144
145
146
112
140
141
142
143
144
145
146
1
2
3
4
5
6
7
8
117
140
141
142
143
144
145
146
1
2
3
4
5
6
7
142
143
144
145
146
20
42
43
44
45
47
70
71
72
87
50
91
89
90
91
75
56
80
89
90
91
6
9
15
27
59
93
105
143
143
144
145
146
1
2
3
4
5
6
7
142
143
144
145
146
15
19
40
47
75
1
2
3
4
5
6
7
142
143
144
145
146
143
144
145
146
50
56
80
80
57
85
6
80
81
143
1
2
3
4
5
87
143
144
145
146
21
22
23
24
25
26
27
39
40
41
64
65
66
42
43
85
41
56
80
82
89
90
91
114
115
116
119
120
121
143
144
145
146
1
2
3
4
5
142
143
41
56
80
83
84
89
90
91
114
115
116
82
82
89
90
91
1
2
3
4
5
6
7
1
2
3
4
5
6
7
142
143
144
145
146
67
68
95
96
97
89
90
91
1
2
3
4
5
6
7
142
143
144
145
146
82
42
43
49
72
105
114
115
89
90
91
87
1
2
42
43
87
89
90
91
1
2
35
107
140
142
89
90
91
142
143
144
145
146
82
133
134
135
42
43
44
80
15
80
80
75
41
80
80
1
2
3
4
5
6
7
8
9
17
105
21
22
23
42
43
44
56
80
109
114
116
139
141
142
143
144
145
146
82
89
90
91
89
90
91
140
141
142
143
144
145
146
82
56
80
83
84
139
50
80
81
144
145
146
66
100
101
89
90
91
80
81
50
56
50
85
42
43
44
1
2
3
4
5
6
7
142
143
144
145
146
82
9
1
2
3
4
5
6
7
142
143
144
145
146
89
90
91
6
7
106
107
49
50
51
52
53
54
59
80
82
80
40
82
80
86
142
143
80
85
56
89
90
91
114
143
144
145
146
91
6
7
1
2
3
4
5
6
7
8
9
32
124
136
137
138
42
43
42
43
97
98
99
15
17
18
144
145
146
82
102
97
89
90
91
80
82
88
89
91
1
2
3
4
5
6
82
31
56
80
142
143
144
145
146
1
2
3
4
5
6
7
142
143
144
145
146
80
56
80
119
120
121
80
89
90
91
82
1
2
3
4
5
6
7
8
140
1
2
3
4
5
6
7
82
89
90
91
82
89
90
91
15
50
51
57
86
5
6
7
50
142
143
89
90
91
128
41
50
67
82
89
90
91
42
43
64
65
66
97
98
99
1
2
3
4
5
6
7
8
82
95
96
97
98
86
1
2
3
4
5
6
7
131
132
133
134
135
6
7
80
89
90
91
82
82
140
141
142
143
1
2
3
4
6
7
1
2
3
4
5
6
7
8
15
143
144
145
146
140
141
142
143
144
145
146
1
2
3
4
5
7
1
2
3
4
5
6
7
142
143
144
145
146
80
82
50
80
142
143
144
145
146
119
120
121
80
144
145
146
89
90
91
143
143
144
145
146
80
87
91
56
80
89
90
91
139
142
143
144
145
146
82
42
43
44
80
93
1
2
3
4
5
6
7
8
9
42
43
70
71
72
82
89
90
91
89
90
91
1
2
21
22
23
35
47
48
49
56
80
83
84
87
119
120
82
6
7
142
143
144
145
146
1
2
3
4
5
6
7
142
143
144
145
146
56
80
139
89
90
91
66
71
72
82
80
1
2
42
43
44
142
143
144
145
146
80
82
56
80
139
56
80
89
90
91
142
143
144
145
146
56
80
109
114
116
139
141
142
143
144
145
146
34
56
80
114
138
139
140
142
143
144
145
146
3
4
15
21
22
23
56
40
82
80
112
140
119
120
121
50
89
90
91
86
143
5
6
7
56
80
83
84
144
145
146
81
82
80
6
7
56
80
89
90
91
82
80
81
56
89
90
91
31
56
80
89
90
91
139
141
142
143
144
145
146
143
19
32
54
58
69
70
100
101
104
106
138
139
146
56
80
89
90
91
139
140
141
142
143
144
145
146
31
56
80
83
84
89
90
91
114
142
143
144
145
146
56
91
56
83
84
56
50
80
80
6
7
80
139
144
145
146
89
90
91
143
144
145
146
81
82
99
110
140
141
142
143
144
145
146
40
9
15
17
26
27
115
56
80
83
84
139
56
80
89
90
91
97
139
140
141
142
143
144
145
146
42
43
44
10
67
112
21
22
23
80
56
80
89
90
91
139
1
2
3
4
5
6
7
8
38
91
144
145
146
15
82
142
143
144
145
146
1
2
3
4
5
6
7
142
143
144
145
146
47
89
90
91
143
144
145
146
70
71
72
82
89
90
91
56
80
83
84
89
90
91
82
1
2
3
4
5
6
7
8
15
88
143
144
145
146
119
120
121
20
70
71
72
82
38
41
103
124
82
119
120
121
42
43
95
96
140
141
142
143
144
145
146
143
1
2
112
117
144
145
146
32
42
43
44
45
49
140
141
142
143
144
145
146
27
93
42
43
80
89
90
91
56
80
83
84
80
15
17
18
82
81
87
114
140
141
142
143
144
145
146
15
73
75
102
1
2
3
4
5
6
7
1
2
3
4
5
6
7
8
9
104
1
2
3
4
5
6
7
8
89
90
91
141
142
143
144
145
146
1
2
3
4
5
6
7
142
143
144
145
146
1
2
3
4
5
6
7
1
2
3
4
5
6
7
142
143
144
145
146
111
22
23
80
3
4
102
142
143
144
50
143
144
145
146
56
41
89
90
91
9
10
41
89
90
91
114
115
116
142
143
144
145
146
1
2
3
4
5
6
7
142
143
144
145
146
6
7
8
40
44
45
46
121
143
144
145
146
42
43
44
80
56
143
144
145
146
82
56
80
80
128
56
80
89
90
91
146
1
2
3
4
5
6
7
142
143
144
145
146
54
55
56
57
87
114
115
6
7
8
90
1
2
3
4
5
6
7
50
140
143
1
2
3
4
5
6
7
142
143
144
145
146
80
42
43
15
21
22
23
89
90
91
1
2
8
56
80
83
84
139
56
80
82
102
3
4
5
6
15
17
143
40
70
71
72
82
102
27
28
142
143
144
145
146
17
80
89
90
91
80
40
41
42
43
44
50
51
143
144
145
146
89
90
91
80
9
10
41
56
80
82
83
84
89
90
91
114
115
116
80
139
140
141
142
143
144
145
146
38
39
40
42
43
44
45
70
71
72
81
82
102
82
144
145
146
146
80
89
90
91
27
50
110
142
143
144
145
146
50
1
2
3
4
5
6
7
8
9
50
85
3
4
15
17
18
19
20
21
22
23
36
37
56
42
43
50
57
86
1
2
3
4
5
38
56
80
56
80
83
84
139
142
143
144
145
146
89
90
91
89
90
91
142
143
144
145
146
89
90
91
80
41
89
90
91
114
115
116
31
38
82
94
82
17
18
19
40
41
42
43
50
51
56
56
80
143
144
145
146
1
2
3
4
5
6
7
8
80
143
144
145
146
1
2
3
4
5
80
86
56
80
106
107
114
89
90
91
20
143
144
145
146
80
82
80
81
3
4
5
6
7
8
143
144
145
146
94
82
1
2
3
4
5
6
7
18
80
80
1
2
3
4
6
7
41
89
90
91
143
144
145
146
28
38
80
82
143
144
145
146
41
56
80
82
83
84
89
90
91
114
115
116
142
143
144
145
146
80
142
143
1
2
3
4
5
6
7
82
89
90
91
9
80
89
90
91
80
140
82
1
2
50
89
90
91
56
89
90
91
142
143
144
145
146
143
144
145
1
2
3
4
80
9
82
80
1
2
3
4
5
6
7
8
14
89
90
91
31
56
80
83
84
1
2
140
141
142
143
143
144
145
146
1
2
3
4
5
6
7
8
112
116
50
80
143
144
145
146
86
38
80
83
84
142
143
144
145
146
1
2
146
142
143
119
120
121
1
2
89
90
91
89
80
89
90
91
80
89
90
91
42
43
44
141
142
143
144
145
146
128
16
5
6
7
20
80
80
80
89
90
91
146
82
68
69
79
82
80
140
141
142
143
144
145
146
80
1
2
3
4
5
117
140
141
142
143
144
145
146
143
82
15
25
50
72
110
121
1
2
57
72
80
23
24
25
40
61
75
121
56
89
90
91
7
80
80
89
90
91
146
41
80
89
90
91
140
142
143
80
56
114
115
116
1
2
21
22
23
36
37
56
143
144
145
146
80
87
86
89
90
91
80
1
2
3
4
5
6
7
142
143
144
145
146
15
21
56
80
40
75
80
80
89
90
91
142
143
144
145
146
82
56
3
4
5
6
7
8
19
35
36
37
41
65
96
109
1
2
3
4
5
6
7
8
143
144
145
146
1
2
3
4
5
6
7
142
143
144
145
146
42
43
41
56
80
82
83
84
89
90
91
114
115
116
139
80
143
80
141
142
143
144
145
146
142
143
144
145
146
1
2
3
4
142
143
144
145
146
140
141
142
143
144
145
146
1
2
3
4
5
6
7
8
1
2
3
4
5
6
7
142
143
144
145
146
1
2
3
4
5
6
7
25
26
27
40
76
77
78
140
141
142
143
144
145
146
95
96
18
40
59
73
90
82
3
4
50
51
111
139
141
142
143
144
145
146
80
81
